cam0:
  T_cam_imu:
  - [ 0.99967180306,  0.02192577331, -0.01324940119,  0.10078023907]
  - [ 0.02100946329, -0.99761599064, -0.06573383957, -0.03292605347]
  - [-0.01465907976,  0.06543390312, -0.99774922486,  0.01578901073]
  - [ 0.00000000000,  0.00000000000,  0.00000000000,  1.00000000000]
  camera_model: pinhole
  intrinsics: [605.951, 606.235, 489.06, 395.696]
  distortion_model: equidistant
  distortion_coeffs: [-0.0170728, -0.000667979, 0.00558404, -0.0072392]
  resolution: [960, 800]
  rostopic: /sync/cam0/image_raw
cam1:
  T_cam_imu:
  - [ 0.99958180362,  0.02143363690, -0.01941177701, -0.09895081796]
  - [ 0.01996600644, -0.99714095702, -0.07287846334, -0.03213613021]
  - [-0.02091832843,  0.07246041016, -0.99715190041,  0.01531487242]
  - [ 0.00000000000,  0.00000000000,  0.00000000000,  1.00000000000]
  T_cn_cnm1:
  - [ 0.99998088741,  0.00089414894,  0.00611762260, -0.19979628127]
  - [-0.00093803692,  0.99997381995,  0.00717492224,  0.00077031191]
  - [-0.00611104699, -0.00718052367,  0.99995554660, -0.00009398997]
  - [ 0.00000000000,  0.00000000000,  0.00000000000,  1.00000000000]
  camera_model: pinhole
  intrinsics: [608.488, 608.405, 477, 395.956]
  distortion_model: equidistant
  distortion_coeffs: [-0.0187052, 0.00766324, -0.010735, 0.0033308]
  resolution: [960, 800]
  rostopic: /sync/cam1/image_raw
T_imu_body:
  - [ 1.00000000000,  0.00000000000,  0.00000000000,  0.00000000000]
  - [ 0.00000000000,  1.00000000000,  0.00000000000,  0.00000000000]
  - [ 0.00000000000,  0.00000000000,  1.00000000000,  0.00000000000]
  - [ 0.00000000000,  0.00000000000,  0.00000000000,  1.00000000000]
