%YAML:1.0
K1: !!opencv-matrix
   rows: 3
   cols: 3
   dt: d
   data: [ 6.05163e+02, 0., 4.81562e+02, 0.,
       6.05027e+02, 3.97426e+02, 0., 0., 1. ]
K2: !!opencv-matrix
   rows: 3
   cols: 3
   dt: d
   data: [ 6.04633e+02, 0., 5.38549e+02, 0.,
       6.04968e+02, 4.61727e+02, 0., 0., 1. ]

D1: [-0.0143279, -0.007099, 0.00804291, -0.0041902]
D2: [-0.0115385, -0.0139196, 0.0135171, -0.00662897]

R: !!opencv-matrix
   rows: 3
   cols: 3
   dt: d
   data: [ 0.99999965572, -0.00031787188,
       0.00076649873, 0.00031798483,
       0.99999993860, -0.00014724532,
       -0.00076645187, 0.00014748900,
       0.99999969540 ]
T: [ -0.19995277939, 0.00063323149,
    0.00014365567 ]

