%YAML:1.0
K1: !!opencv-matrix
   rows: 3
   cols: 3
   dt: d
   data: [ 6.0516300000000001e+02, 0., 4.8156200000000001e+02, 0.,
       6.0502700000000004e+02, 3.9742599999999999e+02, 0., 0., 1. ]
K2: !!opencv-matrix
   rows: 3
   cols: 3
   dt: d
   data: [ 6.0463300000000004e+02, 0., 5.3854899999999998e+02, 0.,
       6.0496799999999996e+02, 4.6172699999999998e+02, 0., 0., 1. ]
D1: [ -1.4327899999999999e-02, -7.0990000000000003e-03,
    8.0429100000000003e-03, -4.1901999999999998e-03 ]
D2: [ -1.1538500000000000e-02, -1.3919600000000001e-02,
    1.3517100000000001e-02, -6.6289699999999997e-03 ]
R: !!opencv-matrix
   rows: 3
   cols: 3
   dt: d
   data: [ 9.9999965572000005e-01, -3.1787188000000001e-04,
       7.6649873000000002e-04, 3.1798482999999999e-04,
       9.9999993860000003e-01, -1.4724532000000000e-04,
       -7.6645187000000002e-04, 1.4748900000000000e-04,
       9.9999969540000000e-01 ]
T: [ -1.9995277939000000e-01, 6.3323149000000004e-04,
    1.4365567000000000e-04 ]
R1: !!opencv-matrix
   rows: 3
   cols: 3
   dt: d
   data: [ 9.9999392666452924e-01, -3.4848644384769707e-03,
       4.8517023537075754e-05, 3.4848679718834860e-03,
       9.9999392516939090e-01, -7.2935129817594546e-05,
       -4.8262559764159049e-05, 7.3103762279498957e-05,
       9.9999999616328250e-01 ]
R2: !!opencv-matrix
   rows: 3
   cols: 3
   dt: d
   data: [ 9.9999472731378858e-01, -3.1668884679040966e-03,
       -7.1844418961135011e-04, 3.1669409200069257e-03,
       9.9999498264650566e-01, 7.1882015018575021e-05,
       7.1821294259847288e-04, -7.4156906310087050e-05,
       9.9999973933542707e-01 ]
P1: !!opencv-matrix
   rows: 3
   cols: 4
   dt: d
   data: [ 5.0925728711670178e+02, 0., 5.2320191390836408e+02, 0., 0.,
       5.0925728711670178e+02, 4.3766584786532906e+02, 0., 0., 0., 1.,
       0. ]
P2: !!opencv-matrix
   rows: 3
   cols: 4
   dt: d
   data: [ 5.0925728711670178e+02, 0., 5.2320191390836408e+02,
       -1.0182794689040726e+02, 0., 5.0925728711670178e+02,
       4.3766584786532906e+02, 0., 0., 0., 1., 0. ]
Q: !!opencv-matrix
   rows: 4
   cols: 4
   dt: d
   data: [ 1., 0., 0., -5.2320191390836408e+02, 0., 1., 0.,
       -4.3766584786532906e+02, 0., 0., 0., 5.0925728711670178e+02, 0.,
       0., 5.0011544243820607e+00, 0. ]
