%YAML:1.0
K1: !!opencv-matrix
   rows: 3
   cols: 3
   dt: d
   data: [ 5.9700737785586455e+02, 0., 6.4320132958652619e+02, 0.,
       5.9615158778862394e+02, 5.0247105170503994e+02, 0., 0., 1. ]
K2: !!opencv-matrix
   rows: 3
   cols: 3
   dt: d
   data: [ 5.9866768110773114e+02, 0., 6.4106490915596942e+02, 0.,
       5.9794733207102968e+02, 5.2078542656163461e+02, 0., 0., 1. ]
D1: [ -2.0619670335653151e-02, 4.1372346893255370e-02,
    -8.9436914611234139e-02, 5.6461227647744264e-02 ]
D2: [ -8.9450842562005459e-03, -1.0720169930207085e-02,
    3.7916777599923479e-03, -8.1759360757837024e-04 ]
R: !!opencv-matrix
   rows: 3
   cols: 3
   dt: d
   data: [ 9.9997533075206058e-01, -8.9130173248762926e-06,
       7.0240876891732836e-03, 6.7159006452369670e-05,
       9.9996561745492107e-01, -8.2921286571281047e-03,
       -7.0237722752752915e-03, 8.2923958273007567e-03,
       9.9994094965376257e-01 ]
T: [ 6.0565842869906711e-02, 2.8168277004170824e-05,
    -1.5519288233537418e-04 ]
R1: !!opencv-matrix
   rows: 3
   cols: 3
   dt: d
   data: [ 9.9998996856543998e-01, 4.3490642120304259e-04,
       4.4579843982599033e-03, -4.1641544258422784e-04,
       9.9999131062800406e-01, -4.1479231750116783e-03,
       -4.4597496195985841e-03, 4.1460251918455544e-03,
       9.9998146038236091e-01 ]
R2: !!opencv-matrix
   rows: 3
   cols: 3
   dt: d
   data: [ 9.9999660896197040e-01, 4.6508362058276045e-04,
       -2.5623742478306593e-03, -4.5445348591399357e-04,
       9.9999129552826760e-01, 4.1475703401142247e-03,
       2.5642809107468533e-03, -4.1463917956363278e-03,
       9.9998811587862779e-01 ]
P1: !!opencv-matrix
   rows: 3
   cols: 4
   dt: d
   data: [ 3.9349767871187873e+02, 0., 6.4297459850961309e+02, 0., 0.,
       3.9349767871187873e+02, 5.1159895135117790e+02, 0., 0., 0., 1.,
       0. ]
P2: !!opencv-matrix
   rows: 3
   cols: 4
   dt: d
   data: [ 3.9349767871187873e+02, 0., 6.4297459850961309e+02,
       2.3832599395787579e+01, 0., 3.9349767871187873e+02,
       5.1159895135117790e+02, 0., 0., 0., 1., 0. ]
Q: !!opencv-matrix
   rows: 4
   cols: 4
   dt: d
   data: [ 1., 0., 0., -6.4297459850961309e+02, 0., 1., 0.,
       -5.1159895135117790e+02, 0., 0., 0., 3.9349767871187873e+02, 0.,
       0., -1.6510900560071914e+01, 0. ]
